0,0,0:4034,23,0,0,8705,0,0,0,0
1,0,2:8,8,8,8,9,8,8,8,0
1,0,162:8,8,8,8,0,8,8,8,8
1,0,54:8,8,8,8,8,0,8,8,8
1,1,4461:6,0,6,6,0,6,6,0,6
1,1,3651:6,0,0,6,6,6,6,0,6
1,1,1491:6,6,0,6,6,0,6,0,6
0,1,731:182,172,0,53,371,68,51,101,0
1,1,4381:6,0,6,6,6,6,6,0,0
1,1,191:6,6,6,6,0,0,6,6,0
1,1,141:6,6,6,6,0,0,6,0,6
1,1,1541:6,6,0,6,0,6,6,6,0
0,1,1461:23,31,0,7,18,47,2,0,23
1,1,61:6,6,6,6,6,0,6,0,0
1,1,1521:6,6,0,6,6,0,0,6,6
0,1,2193:10,0,9,8,20,11,7,0,13
0,1,163:33,26,145,14,0,64,86,54,0
1,1,1473:6,6,0,6,6,6,0,0,6
1,1,893:6,6,0,6,0,6,6,6,0
0,1,83:201,73,710,575,0,394,519,1822,0
1,1,1623:6,6,0,6,0,6,6,0,6
1,1,1503:6,6,0,6,6,0,0,6,6
1,1,1463:6,6,0,6,6,6,6,0,0
0,1,735:90,103,0,27,445,86,162,0,250
0,1,55:185,199,16,123,312,0,290,26,0
1,1,4385:6,0,6,6,6,6,0,6,0
1,1,2355:6,0,6,6,0,6,6,0,6
1,1,1545:6,6,0,6,0,6,6,0,6
1,1,785:6,6,0,6,6,0,6,6,0
1,1,1465:6,6,0,6,6,6,6,0,0
1,1,2195:6,0,6,6,6,6,6,0,0
1,1,1515:6,6,0,6,6,0,6,0,6
0,1,135:647,456,860,721,0,0,633,651,519
1,1,4407:6,0,6,6,6,0,6,0,6
1,1,2247:6,0,6,6,6,0,6,0,6
1,1,217:6,6,6,6,0,0,6,6,0
1,1,1487:6,6,0,6,6,0,6,6,0
1,1,2207:6,0,6,6,6,6,0,6,0
1,1,137:6,6,6,6,0,0,6,6,0
0,1,57:8,5,12,13,81,0,10,0,19
1,1,737:6,6,0,6,6,6,6,0,0
0,1,1467:215,47,0,97,42,23,0,42,36
1,1,1557:6,6,0,6,0,7,0,6,6
1,1,4437:6,0,6,6,6,0,0,6,6
1,1,1477:6,6,0,6,6,6,0,6,0
1,1,897:6,6,0,6,0,6,6,0,6
1,1,1469:6,6,0,6,6,6,0,6,0
0,1,29:12,15,31,21,26,0,29,19,0
1,1,219:6,6,6,6,0,0,6,0,6
0,1,189:10,14,18,3,0,0,4,11,15
1,1,2259:6,0,6,6,6,0,0,6,6
1,1,1629:6,6,0,6,0,6,0,6,6
1,1,789:6,6,0,6,6,0,6,0,6
1,1,59:6,6,6,6,6,0,6,0,0
0,2,4650:4,0,4,0,4,0,4,0,6
0,2,2490:7,0,6,0,4,0,4,0,4
0,2,4420:6,0,4,44,16,0,0,2,0
0,2,2210:9,0,4,4,10,4,0,0,0
0,2,2260:33,0,14,16,13,0,0,3,0
0,2,3660:15,0,0,5,9,8,0,0,9
0,2,1630:28,25,0,47,0,9,0,31,0
0,2,870:304,37,0,36,0,0,58,0,162
0,2,140:14,424,91,2,0,0,47,0,0
1,2,3750:4,0,0,4,0,4,0,0,4
1,2,2990:4,0,0,4,4,0,0,4,0
1,2,4600:4,0,4,4,0,0,0,4,0
1,2,5870:4,0,0,4,4,0,0,4,0
1,2,960:4,4,0,4,0,0,0,0,4
1,2,3840:4,0,0,4,0,0,4,0,4
0,2,8030:0,13,0,37,9,10,0,6,0
0,2,4390:2,0,3,4,12,3,0,0,0
0,2,2360:17,0,4,5,0,6,0,2,0
0,2,1550:10,79,0,4,0,208,0,5,0
0,2,1500:16,6,0,31,13,0,0,0,3
0,2,920:13,10,0,3,0,0,9,4,0
0,2,790:28,16,0,12,28,0,23,0,0
1,2,8120:0,4,0,4,0,4,0,4,0
1,2,5600:4,0,0,0,4,4,0,4,0
1,2,5880:4,0,0,4,4,0,0,0,4
1,2,5150:4,0,0,4,4,0,0,4,0
1,2,2400:4,0,4,4,0,0,0,0,4
1,2,3670:4,0,0,4,4,4,0,0,0
1,2,4520:4,0,4,4,0,0,0,4,0
0,2,4440:15,0,19,13,21,0,0,0,7
0,2,5110:15,0,0,8,28,28,10,0,0
0,2,1650:3,3,0,2,0,0,19,0,4
1,2,4530:4,0,4,4,0,0,0,0,4
1,2,3720:4,0,0,4,4,0,0,0,4
1,2,4490:4,0,4,4,0,0,4,0,0
1,2,2410:4,0,4,4,0,0,4,0,0
1,2,3680:4,0,0,4,4,0,4,0,0
1,2,1600:4,4,0,4,0,0,4,0,0
0,2,3690:4,0,0,3,7,0,0,3,7
1,2,4450:4,0,4,4,4,0,0,0,0
1,2,5120:4,0,0,4,4,4,0,0,0
1,2,3870:4,0,0,4,0,0,0,4,4
1,2,800:4,4,0,4,4,0,0,0,0
1,2,2330:4,0,4,4,0,0,4,0,0
0,2,2340:70,0,51,25,0,0,0,166,5
0,2,3650:4,0,0,3,4,7,7,0,0
0,2,220:5,6,3,6,0,0,13,0,0
0,2,1490:13,7,0,10,8,0,6,0,0
1,2,4690:4,0,4,0,4,0,0,4,0
1,2,3150:4,0,0,4,0,0,0,4,4
1,2,4550:4,0,4,4,0,4,0,0,0
1,2,950:4,4,0,4,0,0,4,0,0
0,2,5122:25,0,0,18,66,31,0,40,0
0,2,1522:66,27,0,10,10,0,0,97,0
0,2,2382:3,0,8,4,0,0,4,0,9
0,2,3732:33,0,0,119,0,232,91,0,203
0,2,1572:46,99,0,439,0,0,15,0,26
1,2,8192:0,4,0,4,0,4,0,4,0
1,2,4682:4,0,4,0,4,0,0,4,0
1,2,2652:4,0,4,0,0,0,4,0,4
1,2,2422:4,0,4,4,0,0,0,4,0
1,2,3692:4,0,0,4,4,0,0,4,0
1,2,1612:4,4,0,4,0,0,0,4,0
1,2,5172:4,0,0,4,4,0,0,0,4
1,2,3822:4,0,0,4,0,4,0,0,4
1,2,1662:4,4,0,4,0,0,0,0,4
0,2,4412:4,0,10,10,4,0,0,11,0
0,2,2252:6,0,4,3,6,0,0,6,0
0,2,902:10,3,0,3,0,7,0,4,0
0,2,4462:43,0,58,520,0,4,27,0,0
0,2,3652:17,0,0,5,15,7,8,0,0
0,2,1492:4,7,0,9,23,0,4,0,0
1,2,4692:4,0,4,0,4,0,0,0,4
1,2,4502:4,0,4,4,0,0,0,4,0
1,2,2342:4,0,4,4,0,0,0,4,0
1,2,952:4,4,0,4,0,0,4,0,0
0,2,4422:11,0,5,5,4,0,0,0,9
0,2,2262:4,0,4,16,4,0,0,0,3
0,2,1632:9,6,0,13,0,4,0,0,31
0,2,142:94,17,71,22,0,0,121,0,0
1,2,4652:4,0,4,0,4,0,4,0,0
1,2,2492:4,0,4,0,4,0,4,0,0
1,2,4602:4,0,4,4,0,0,0,0,4
1,2,4472:4,0,4,4,0,4,0,0,0
1,2,3662:4,0,0,4,4,4,0,0,0
1,2,5192:4,0,0,4,0,4,4,0,0
1,2,872:4,4,0,4,0,0,4,0,0
0,2,2222:3,0,4,6,4,0,9,0,0
1,2,1502:4,4,0,4,4,0,0,0,0
0,2,5842:31,0,0,22,10,11,0,46,0
0,2,2412:9,0,5,5,0,0,0,1,1
0,2,1602:29,61,0,18,0,0,0,1,213
0,2,1472:13,4,0,1,4,10,0,0,0
1,2,8092:0,4,0,4,4,0,0,4,0
1,2,4582:4,0,4,4,0,0,0,4,0
1,2,5932:4,0,0,4,0,4,0,4,0
1,2,2372:4,0,4,4,0,4,0,0,0
1,2,4442:4,0,4,4,4,0,0,0,0
1,2,3812:4,0,0,4,0,4,4,0,0
1,2,1652:4,4,0,4,0,0,4,0,0
0,2,1504:2,19,0,12,26,0,0,4,0
0,2,1554:175,34,0,153,0,32,0,0,8
0,2,794:16,19,0,43,22,0,0,9,0
0,2,3084:34,0,0,8,0,18,10,0,17
0,2,924:25,11,0,8,0,0,1,0,16
1,2,11684:0,0,0,4,4,4,0,4,0
1,2,4664:4,0,4,0,4,0,0,4,0
1,2,5154:4,0,0,4,4,0,0,0,4
1,2,6004:4,0,0,4,0,4,0,4,0
1,2,4574:4,0,4,4,0,0,0,4,0
1,2,4524:4,0,4,4,0,0,0,0,4
1,2,5924:4,0,0,4,0,4,0,4,0
1,2,3714:4,0,0,4,4,0,0,0,4
0,2,2234:4,0,4,3,4,0,0,4,0
0,2,5844:8,0,0,18,6,8,0,0,10
0,2,5114:36,0,0,16,16,3,0,13,0
0,2,1474:29,15,0,12,11,6,0,0,0
1,2,4584:4,0,4,4,0,0,0,0,4
1,2,5204:4,0,0,4,0,4,0,4,0
1,2,4444:4,0,4,4,4,0,0,0,0
1,2,2414:4,0,4,4,0,0,0,4,0
1,2,5164:4,0,0,4,4,0,4,0,0
1,2,3814:4,0,0,4,0,4,4,0,0
1,2,1654:4,4,0,4,0,0,4,0,0
0,2,1524:5,16,0,2,10,0,0,0,34
0,2,2924:13,0,0,11,16,6,12,0,0
0,2,764:3,5,0,7,17,0,3,0,0
1,2,5354:4,0,0,0,4,4,4,0,0
1,2,5854:4,0,0,4,4,4,0,0,0
1,2,2424:4,0,4,4,0,0,0,0,4
1,2,1614:4,4,0,4,0,0,0,0,4
1,2,2384:4,0,4,4,0,0,4,0,0
1,2,3734:4,0,0,4,0,4,4,0,0
1,2,1574:4,4,0,4,0,0,4,0,0
0,2,2394:4,0,7,4,0,0,0,6,4
0,2,1584:139,21,0,187,0,0,0,211,32
0,2,2204:19,0,6,16,8,3,0,0,0
0,2,954:28,9,0,9,0,0,0,9,6
0,2,1624:8,3,0,9,0,3,40,0,0
1,2,1534:4,4,0,4,4,0,0,0,0
0,2,3664:7,0,0,3,30,3,0,3,0
0,2,2354:3,0,3,4,0,5,2,0,0
0,2,194:4,3,2,4,0,0,4,0,0
0,2,1544:44,148,0,28,0,188,21,0,0
1,2,6094:4,0,0,0,4,4,0,4,0
1,2,5284:4,0,0,4,0,4,0,4,0
1,2,4424:4,0,4,4,4,0,0,0,0
1,2,2994:4,0,0,4,4,0,0,0,4
1,2,2264:4,0,4,4,4,0,0,0,0
1,2,5874:4,0,0,4,4,0,0,0,4
1,2,1634:4,4,0,4,0,4,0,0,0
1,2,1684:4,4,0,4,0,0,0,4,0
0,2,2936:31,0,0,7,4,2,0,21,0
0,2,4466:126,0,160,181,0,8,0,56,0
0,2,4416:6,0,17,7,7,0,0,0,10
0,2,2256:16,0,4,6,7,0,0,0,11
0,2,3656:3,0,0,10,3,18,0,5,0
0,2,1496:9,8,0,16,4,0,0,4,0
0,2,866:32,99,0,9,0,0,187,245,0
1,2,8066:0,4,0,4,4,0,0,4,0
1,2,5596:4,0,0,0,4,4,4,0,0
1,2,5366:4,0,0,0,4,4,0,4,0
1,2,6086:4,0,0,0,4,4,0,4,0
1,2,4506:4,0,4,4,0,0,0,0,4
1,2,2396:4,0,4,4,0,0,0,4,0
1,2,2346:4,0,4,4,0,0,0,0,4
1,2,3746:4,0,0,4,0,4,0,4,0
1,2,1586:4,4,0,4,0,0,0,5,0
1,2,5276:4,0,0,4,0,4,0,4,0
1,2,956:4,4,0,4,0,0,0,4,0
0,2,3666:7,0,0,4,13,4,0,0,4
0,2,2356:4,0,7,14,0,4,24,0,0
0,2,1546:70,40,0,177,0,203,57,0,0
0,2,1596:31,223,0,14,0,0,27,0,43
1,2,10226:0,0,0,4,4,4,0,4,0
1,2,3896:4,0,0,0,4,4,4,0,0
1,2,4426:4,0,4,4,4,0,0,0,0
1,2,2266:4,0,4,4,4,0,0,0,0
1,2,1636:4,4,0,4,0,4,0,0,0
1,2,1686:4,4,0,4,0,0,0,0,4
1,2,4516:4,0,4,4,0,0,4,0,0
1,2,3706:4,0,0,4,4,0,4,0,0
0,2,1506:4,3,0,9,7,0,0,0,4
0,2,2406:4,0,3,4,0,0,3,0,4
0,2,2276:0,0,42,12,0,27,199,0,0
1,2,8036:0,4,0,4,4,4,0,0,0
1,2,6006:4,0,0,4,0,4,0,0,4
1,2,5976:4,0,0,4,0,0,0,4,4
1,2,2366:4,0,4,4,0,4,0,0,0
1,2,1556:4,4,0,4,0,4,0,0,0
1,2,3086:4,0,0,4,0,4,4,0,0
1,2,926:4,4,0,4,0,0,4,0,0
0,2,5166:45,0,0,4,25,0,0,19,19
0,2,1656:13,9,0,2,0,0,0,7,8
0,2,896:19,6,0,13,0,6,2,0,0
0,2,1516:12,12,0,12,4,0,13,0,0
1,2,5256:4,0,0,4,0,0,0,4,4
1,2,5846:4,0,0,4,4,4,0,0,0
1,2,5896:4,0,0,4,4,0,0,4,0
0,2,4546:8,0,12,16,0,9,0,49,0
0,2,2976:4,0,0,10,16,0,22,0,7
0,2,2246:4,0,7,3,4,0,2,0,0
0,2,946:10,11,0,4,0,0,10,8,0
1,2,4686:4,0,4,0,4,0,0,0,4
1,2,5126:4,0,0,4,4,4,0,0,0
1,2,5176:4,0,0,4,4,0,0,4,0
1,2,3696:4,0,0,4,4,0,0,0,4
1,2,3786:4,0,0,4,0,0,4,0,4
0,2,2288:5,0,6,24,0,69,0,22,0
0,2,2238:4,0,3,4,7,0,0,0,7
0,2,5118:12,0,0,3,31,3,0,0,9
0,2,2328:133,0,10,4,0,0,66,0,207
0,2,898:10,59,0,7,0,121,3,0,0
0,2,1568:32,108,0,115,0,0,47,84,0
1,2,3908:4,0,0,0,4,4,0,4,0
1,2,4678:4,0,4,0,4,0,4,0,0
1,2,3098:4,0,0,4,0,4,0,4,0
1,2,5848:4,0,0,4,4,4,0,0,0
1,2,5898:4,0,0,4,4,0,0,0,4
1,2,5168:4,0,0,4,4,0,0,4,0
1,2,2418:4,0,4,4,0,0,0,0,4
1,2,3818:4,0,0,4,0,4,0,4,0
1,2,1658:4,4,0,4,0,0,0,4,0
1,2,1608:4,4,0,4,0,0,0,0,4
1,2,3138:4,0,0,4,0,0,4,0,4
0,2,4408:9,0,7,4,10,0,7,0,0
0,2,2248:16,0,10,28,24,0,12,0,0
0,2,948:7,7,0,42,0,0,5,0,3
1,2,5128:4,0,0,4,4,4,0,0,0
1,2,5178:4,0,0,4,4,0,0,0,4
1,2,1528:4,4,0,4,4,0,0,0,0
1,2,2978:4,0,0,4,4,0,4,0,0
0,2,2988:22,0,0,7,17,0,0,4,13
0,2,818:56,67,0,28,0,133,259,0,0
1,2,3798:4,0,0,4,0,0,0,4,4
1,2,4418:4,0,4,4,4,0,0,0,0
1,2,2258:4,0,4,4,4,0,0,0,0
1,2,5138:4,0,0,4,4,0,4,0,0
1,2,1678:4,4,0,4,0,0,4,0,0
0,2,4518:12,0,235,44,0,0,0,21,16
0,2,4388:4,0,10,3,10,12,0,0,0
0,2,3708:10,0,0,4,7,0,0,6,4
0,2,788:16,15,0,7,45,0,3,0,0
1,2,4478:4,0,4,4,0,4,0,0,0
1,2,5878:4,0,0,4,4,0,0,4,0
1,2,3668:4,0,0,4,4,4,0,0,0
1,2,5328:4,0,0,4,0,0,0,4,4
0,2,8038:0,6,0,16,7,2,0,4,0
0,2,1558:61,19,0,185,0,15,0,28,0
0,2,4438:32,0,42,25,58,0,0,4,0
0,2,798:13,25,0,29,10,0,0,0,4
0,2,4488:40,0,67,34,0,0,52,0,51
0,2,3678:4,0,0,4,10,0,4,0,4
1,2,6328:4,0,0,0,4,4,0,4,0
1,2,4758:4,0,4,0,0,0,4,0,4
1,2,3948:4,0,0,0,4,0,4,0,4
1,2,4528:4,0,4,4,0,0,0,4,0
1,2,3718:4,0,0,4,4,0,0,4,0
1,2,1508:4,4,0,4,4,0,0,0,0
1,2,5928:4,0,0,4,0,4,0,0,4
1,2,2408:4,0,4,4,0,0,4,0,0
0,3,6121:7,0,0,0,5,0,0,2,0
0,3,3381:2,0,0,0,0,0,12,0,5
0,3,3101:2,0,0,2,0,8,0,0,0
0,3,3151:2,0,0,25,0,0,0,1,0
0,3,6031:5,0,0,1,0,0,0,17,0
0,3,5951:54,0,0,17,0,0,0,1,0
1,3,11981:0,0,0,0,2,0,0,2,0
1,3,6301:2,0,0,0,0,0,0,2,0
0,3,11711:0,0,0,2,4,0,0,7,0
0,3,5371:1,0,0,0,5,29,0,0,0
0,3,6091:26,0,0,0,2,2,0,0,0
0,3,5411:8,0,0,0,20,0,0,8,0
0,3,4061:17,0,0,0,0,3,0,2,0
0,3,5961:131,0,0,29,0,0,0,0,0
0,3,5231:1,0,0,98,0,0,0,47,0
0,3,3751:128,0,0,2,0,107,0,0,0
0,3,3071:14,0,0,21,0,0,0,80,0
0,3,961:1,1,0,4,0,0,0,0,0
0,3,3841:2,0,0,2,0,0,2,0,0
1,3,12521:0,0,0,2,0,0,0,2,0
1,3,8251:0,2,0,2,0,0,0,0,0
1,3,6361:2,0,0,0,2,0,0,0,0
1,3,5731:2,0,0,0,0,0,2,0,0
1,3,6181:2,0,0,0,0,2,0,0,0
1,3,5501:2,0,0,0,0,0,0,2,0
0,3,10231:0,0,0,2,41,2,0,0,0
0,3,11681:0,0,0,20,50,2,0,0,0
0,3,7361:0,26,0,17,2,0,0,0,0
0,3,5421:2,0,0,0,4,0,0,0,2
0,3,4661:11,0,2,0,11,0,0,0,0
0,3,6141:11,0,0,0,1,0,0,0,2
0,3,5381:1,0,0,0,2,0,7,0,0
0,3,5881:3,0,0,1,0,0,0,0,0
0,3,2401:0,0,14,5,0,0,0,0,0
0,3,5331:3,0,0,2,0,0,0,0,17
0,3,3761:6,0,0,179,0,0,6,0,0
1,3,12491:0,0,0,2,0,2,0,0,0
1,3,6231:2,0,0,0,0,0,0,0,2
1,3,4111:2,0,0,0,0,0,2,0,0
1,3,3851:2,0,0,2,0,0,0,0,0
0,3,3221:2,0,0,0,4,0,5,0,0
0,3,4531:59,0,20,35,0,0,0,0,0
0,3,3721:1,0,0,5,14,0,0,0,0
1,3,6151:2,0,0,0,2,0,0,0,0
1,3,5341:2,0,0,2,0,0,0,0,0
0,3,5761:0,0,0,0,0,29,0,2,0
0,3,4771:92,0,22,0,0,0,0,8,0
0,3,3961:2,0,0,0,2,0,0,5,0
0,3,2651:0,0,2,0,0,0,1,0,0
0,3,5171:2,0,0,8,17,0,0,0,0
0,3,3821:2,0,0,0,0,0,0,0,0
0,3,3871:2,0,0,8,0,0,0,29,0
0,3,1661:3,7,0,1,0,0,0,0,0
1,3,14711:0,2,0,2,0,0,0,0,0
1,3,11741:0,0,0,2,2,0,0,0,0
1,3,5531:2,0,0,0,0,2,0,0,0
1,3,5581:2,0,0,0,0,0,0,2,0
1,3,6251:2,0,0,0,0,2,0,0,0
1,3,5261:2,0,0,2,0,0,0,0,0
0,3,5393:2,0,0,0,8,0,0,2,0
0,3,4763:50,0,56,0,0,0,0,29,0
0,3,4083:2,0,0,0,0,0,3,0,2
0,3,3773:23,0,0,35,0,0,0,71,0
1,3,12683:0,0,0,0,2,0,0,2,0
1,3,11873:0,0,0,2,0,0,0,2,0
1,3,5573:2,0,0,0,0,0,0,2,0
1,3,5983:2,0,0,2,0,0,0,0,0
0,3,10253:0,0,0,0,8,0,0,4,0
0,3,4773:46,0,12,0,0,0,0,0,6
0,3,3963:0,0,0,0,14,0,0,0,2
0,3,6113:17,0,0,0,14,0,0,4,0
0,3,2653:8,0,13,0,0,0,5,0,0
0,3,5303:0,0,0,0,0,0,0,1,0
0,3,5173:6,0,0,4,35,0,0,0,0
0,3,3823:23,0,0,12,0,2,0,0,0
0,3,3873:1,0,0,2,0,0,0,0,11
0,3,3143:14,0,0,1,0,0,0,1,0
0,3,1663:1,3,0,0,0,0,0,0,0
1,3,11743:0,0,0,2,2,0,0,0,0
1,3,5583:2,0,0,0,0,0,0,0,2
1,3,5263:2,0,0,2,0,0,0,0,0
0,3,8063:0,5,0,5,8,0,0,0,0
0,3,4693:2,0,3,0,5,0,0,0,0
0,3,5363:20,0,0,0,8,1,0,0,0
0,3,2573:1,0,9,0,0,0,2,0,0
0,3,3923:5,0,0,0,2,0,8,0,0
0,3,5313:13,0,0,2,0,0,0,0,5
0,3,3103:17,0,0,11,0,23,0,0,0
0,3,3153:14,0,0,2,0,0,0,0,3
0,3,6033:8,0,0,2,0,0,0,0,2
0,3,2393:23,0,1,0,0,0,0,0,0
0,3,3743:0,0,0,29,0,76,0,0,0
0,3,1583:38,19,0,101,0,0,0,0,0
1,3,7523:0,2,0,2,0,0,0,0,0
1,3,6303:2,0,0,0,0,0,0,0,2
1,3,6173:2,0,0,0,0,2,0,0,0
1,3,3383:2,0,0,0,0,0,2,0,0
0,3,10223:0,0,0,14,3,11,0,0,0
0,3,2993:2,0,0,2,41,0,0,0,0
0,3,5873:3,0,0,9,1,0,0,0,0
0,3,3113:11,0,0,0,0,0,2,0,0
1,3,5963:3,0,0,2,0,0,0,0,0
0,3,5653:1,0,0,0,47,0,0,8,0
0,3,4843:11,0,11,0,0,0,0,14,0
0,3,5153:7,0,0,3,5,0,0,0,0
0,3,4523:50,0,59,10,0,0,0,0,0
1,3,12443:0,0,0,2,2,0,0,0,0
1,3,6413:2,0,0,0,0,2,0,0,0
1,3,6463:2,0,0,0,0,0,0,2,0
1,3,5423:2,0,0,0,2,0,0,0,0
1,3,5333:2,0,0,2,0,0,0,0,0
0,3,11765:0,0,0,0,0,1,0,8,0
0,3,3935:1,0,0,0,2,0,0,1,0
0,3,5415:11,0,0,0,35,0,0,0,1
0,3,5235:0,0,0,77,0,0,0,0,17
0,3,3075:59,0,0,0,0,0,0,0,9
0,3,2995:5,0,0,3,11,0,0,0,0
0,3,5875:1,0,0,1,8,0,0,0,0
0,3,3845:8,0,0,5,0,0,0,1,0
1,3,5555:2,0,0,0,0,0,0,2,0
1,3,5505:2,0,0,0,0,0,0,0,2
1,3,6275:2,0,0,0,0,0,0,2,0
1,3,6225:2,0,0,0,0,0,0,0,2
1,3,5965:2,0,0,2,0,0,0,0,0
0,3,4845:5,0,8,0,0,0,0,0,5
0,3,3125:11,0,0,0,0,0,0,1,0
0,3,4525:8,0,125,71,0,0,0,0,0
0,3,3715:2,0,0,9,10,0,0,0,0
0,3,5245:50,0,0,86,0,0,5,0,0
1,3,12445:0,0,0,2,2,0,0,0,0
1,3,10285:0,0,0,2,2,0,0,0,0
1,3,6415:2,0,0,0,0,2,0,0,0
1,3,5425:2,0,0,0,2,0,0,0,0
1,3,6145:2,0,0,0,2,0,0,0,0
1,3,3805:2,0,0,2,0,0,0,0,0
0,3,8095:0,2,0,2,2,0,0,0,0
0,3,3905:14,0,0,0,1,5,0,0,0
0,3,5435:3,0,0,0,0,170,44,0,0
0,3,4585:1,0,8,2,0,0,0,0,0
0,3,5935:14,0,0,18,0,21,0,0,0
0,3,3095:11,0,0,0,0,6,0,0,0
1,3,11735:0,0,0,2,2,0,0,0,0
1,3,10385:0,0,0,2,0,2,0,0,0
1,3,8225:0,2,0,2,0,0,0,0,0
1,3,5705:2,0,0,0,0,0,2,0,0
1,3,4855:2,0,2,0,0,0,0,0,0
1,3,4085:2,0,0,0,0,0,2,0,0
0,3,8195:0,1,0,5,0,34,0,0,0
0,3,4685:2,0,8,0,5,0,0,0,0
0,3,2425:0,0,0,1,0,0,0,0,0
0,3,3695:2,0,0,4,8,0,0,0,0
0,3,1615:11,41,0,104,0,0,0,0,0
1,3,4775:2,0,2,0,0,0,0,0,0
0,3,6355:38,0,0,0,3,0,0,5,0
0,3,6175:2,0,0,0,0,98,0,18,0
0,3,4055:1,0,0,0,0,2,0,0,0
0,3,4505:68,0,49,128,0,0,0,0,0
0,3,5955:104,0,0,104,0,0,0,0,1
0,3,3795:1,0,0,0,0,0,0,0,93
1,3,6445:2,0,0,0,0,0,0,2,0
1,3,6125:2,0,0,0,2,0,0,0,0
1,3,5315:2,0,0,2,0,0,0,0,0
1,3,3155:2,0,0,2,0,0,0,0,0
1,3,6035:2,0,0,2,0,0,0,0,0
0,3,8147:0,2,0,59,0,0,0,179,0
0,3,8197:0,35,0,8,0,1,0,0,0
0,3,7517:0,20,0,38,0,0,0,3,0
0,3,5627:9,0,0,0,8,0,0,21,0
0,3,5677:35,0,0,0,0,32,44,0,0
0,3,5447:2,0,0,0,0,71,0,44,0
0,3,4817:26,0,1,0,0,0,0,8,0
0,3,6167:95,0,0,0,0,17,0,1,0
0,3,6117:5,0,0,0,5,0,0,0,1
0,3,4687:11,0,4,0,11,0,0,0,0
0,3,3697:1,0,0,1,23,0,0,0,0
0,3,3147:11,0,0,17,0,0,0,0,3
0,3,3787:5,0,0,124,0,0,65,0,0
1,3,12737:0,0,0,0,0,2,0,2,0
1,3,6437:2,0,0,0,0,0,0,2,0
1,3,4777:2,0,2,0,0,0,0,0,0
1,3,4047:2,0,0,0,0,0,0,0,2
1,3,3967:2,0,0,0,2,0,0,0,0
1,3,3877:2,0,0,2,0,0,0,0,0
0,3,10307:0,0,0,0,0,2,0,26,0
0,3,5407:1,0,0,0,20,0,2,0,0
0,3,4057:13,0,0,0,0,5,6,0,0
0,3,3977:1,0,0,0,0,110,1,0,0
0,3,4507:26,0,92,2,0,0,0,0,0
0,3,2347:98,0,39,12,0,0,0,0,0
0,3,2987:2,0,0,20,11,0,0,0,0
1,3,6127:2,0,0,0,2,0,0,0,0
1,3,3157:2,0,0,2,0,0,0,0,0
1,3,5957:2,0,0,2,0,0,0,0,0
0,3,8117:0,1,0,170,0,21,0,0,0
0,3,6097:2,0,0,0,0,2,0,0,0
0,3,5287:23,0,0,11,0,11,0,0,0
0,3,5147:1,0,0,5,11,0,0,0,0
1,3,12437:0,0,0,2,2,0,0,0,0
1,3,6367:2,0,0,0,2,0,0,0,0
1,3,5417:2,0,0,0,2,0,0,0,0
1,3,4067:2,0,0,0,0,2,0,0,0
0,3,11687:0,0,0,7,4,4,0,0,0
0,3,4667:2,0,2,0,8,0,0,0,0
0,3,4577:4,0,1,1,0,0,0,0,0
0,3,5927:0,0,0,0,0,1,0,0,0
0,3,5977:158,0,0,2,0,0,0,47,0
1,3,16817:0,0,0,2,2,0,0,0,0
1,3,12497:0,0,0,2,0,2,0,0,0
1,3,5657:2,0,0,0,2,0,0,0,0
1,3,4847:2,0,2,0,0,0,0,0,0
0,3,11737:0,0,0,11,14,0,0,5,0
0,3,5527:1,0,0,0,0,2,0,11,0
0,3,6247:20,0,0,0,0,1,0,23,0
0,3,4767:26,0,59,0,0,0,0,0,44
0,3,3957:2,0,0,0,1,0,0,0,7
0,3,5207:3,0,0,123,0,19,0,0,0
0,3,5257:164,0,0,6,0,0,0,32,0
0,3,3777:1,0,0,23,0,0,0,0,92
0,3,2417:0,0,1,0,0,0,0,0,0
0,3,3137:5,0,0,0,0,0,1,0,0
1,3,6517:2,0,0,0,0,0,0,2,0
0,3,10469:0,0,0,0,1,0,0,1,0
0,3,8219:0,5,0,17,0,0,0,2,0
0,3,8089:0,2,0,17,77,0,0,0,0
0,3,5519:17,0,0,0,0,2,0,5,0
0,3,4759:101,0,8,0,0,0,152,0,0
0,3,4029:25,0,0,0,0,0,0,0,6
0,3,3949:23,0,0,0,4,0,6,0,0
0,3,3129:5,0,0,3,0,0,0,0,14
0,3,5929:50,0,0,0,0,9,0,0,0
0,3,5979:7,0,0,1,0,0,0,0,65
1,3,11819:0,0,0,2,0,0,0,2,0
1,3,5659:2,0,0,0,2,0,0,0,0
1,3,4119:2,0,0,0,0,0,0,0,2
0,3,5209:5,0,0,89,0,80,0,0,0
0,3,5259:60,0,0,8,0,0,0,0,34
0,3,4499:188,0,59,32,0,0,0,0,0
0,3,2419:0,0,3,14,0,0,0,0,0
0,3,3689:6,0,0,8,4,0,0,0,0
0,3,1609:149,2,0,17,0,0,0,0,0
0,3,3139:17,0,0,27,0,0,3,0,0
1,3,4769:2,0,2,0,0,0,0,0,0
1,3,5489:2,0,0,0,0,0,2,0,0
1,3,5989:2,0,0,2,0,0,0,0,0
0,3,3329:20,0,0,0,0,2,2,0,0
0,3,5179:14,0,0,3,3,0,0,0,0
0,3,2339:0,0,89,8,0,0,0,0,0
0,3,5219:0,0,0,170,0,0,2,0,0
0,3,3059:86,0,0,2,0,0,20,0,0
1,3,12469:0,0,0,2,2,0,0,0,0
1,3,6119:2,0,0,0,2,0,0,0,0
1,3,3149:2,0,0,2,0,0,0,0,0
0,3,8069:0,5,0,1,8,0,0,0,0
0,3,5369:2,0,0,0,9,9,0,0,0
0,3,6089:2,0,0,0,1,17,0,0,0
0,3,5959:74,0,0,83,0,0,0,8,0
0,3,2399:5,0,2,2,0,0,0,0,0
0,3,3799:101,0,0,107,0,0,0,68,0
0,3,1589:14,131,0,8,0,0,0,0,0
0,3,5279:22,0,0,0,0,2,0,0,0
0,3,959:8,0,0,0,0,0,0,0,0
0,3,3839:3,0,0,2,0,0,2,0,0
1,3,12659:0,0,0,0,2,2,0,0,0
1,3,11849:0,0,0,2,0,2,0,0,0
1,3,11899:0,0,0,2,0,0,0,2,0
1,3,6359:2,0,0,0,2,0,0,0,0
1,3,4829:2,0,2,0,0,0,0,0,0
1,3,6179:2,0,0,0,0,2,0,0,0
0,3,10229:0,0,0,1,14,8,0,0,0
0,3,10279:0,0,0,13,11,0,0,0,0
0,3,6409:71,0,0,0,0,4,0,143,0
0,3,5419:10,0,0,0,3,0,0,6,0
0,3,3989:1,0,0,0,0,68,0,20,0
0,3,6139:2,0,0,0,2,0,0,41,0
0,3,5329:2,0,0,5,0,0,0,53,0
0,3,3849:6,0,0,16,0,0,0,0,2
1,3,5789:2,0,0,0,0,0,0,2,0
1,3,6229:2,0,0,0,0,0,0,2,0